[gd_scene load_steps=22 format=3 uid="uid://dwc4jsrnp7tj2"]

[ext_resource type="PackedScene" uid="uid://ci0em3chfmtod" path="res://Enviro Assets/groundandrail.tscn" id="1_bc7gk"]
[ext_resource type="PackedScene" uid="uid://dqk7ag73vc6l5" path="res://Enviro Assets/warehouse.tscn" id="1_l44gi"]
[ext_resource type="PackedScene" uid="uid://b4lki4hdk1it0" path="res://Enviro Assets/rock.tscn" id="1_thum7"]
[ext_resource type="PackedScene" uid="uid://ci2c2jacgtryj" path="res://Enviro Assets/warehousestairs.tscn" id="4_lsb6u"]
[ext_resource type="PackedScene" uid="uid://8cb83a47bsoe" path="res://Player/player.tscn" id="6_8m2pj"]
[ext_resource type="PackedScene" uid="uid://cc5r0uv8hvb4b" path="res://Enviro Assets/woodstack.tscn" id="7_b2mxf"]
[ext_resource type="PackedScene" uid="uid://coeuhl02pmiei" path="res://Enviro Assets/railcar.tscn" id="8_n8cq1"]
[ext_resource type="PackedScene" uid="uid://cwp705lr46gx7" path="res://Enviro Assets/pine.tscn" id="8_v7jj1"]
[ext_resource type="PackedScene" uid="uid://dauy2osc7ow8f" path="res://Enviro Assets/tree.tscn" id="9_5fper"]
[ext_resource type="Texture2D" uid="uid://bqyf141ef1tsv" path="res://Enviro Assets/bloodgroundfultriml.png" id="9_s0mjm"]
[ext_resource type="PackedScene" uid="uid://bx6uujrbf7d4t" path="res://Enviro Assets/hanginglight.tscn" id="10_d3pyb"]
[ext_resource type="PackedScene" uid="uid://du0viikdv1nbx" path="res://Enviro Assets/box.tscn" id="11_m6eib"]
[ext_resource type="PackedScene" uid="uid://dmyxlwx345qxl" path="res://Enviro Assets/deer.tscn" id="11_usiet"]
[ext_resource type="PackedScene" uid="uid://d3iy0dwggpg8y" path="res://Enviro Assets/reel.tscn" id="12_vt5y5"]
[ext_resource type="Texture2D" uid="uid://c7noxpuh7bacd" path="res://snowflake - Copy.png" id="14_c6qpi"]
[ext_resource type="PackedScene" uid="uid://dih0poqsuxhp8" path="res://Enviro Assets/truck.tscn" id="15_ert5e"]

[sub_resource type="StandardMaterial3D" id="StandardMaterial3D_urv1w"]
transparency = 1
albedo_texture = ExtResource("14_c6qpi")
emission_enabled = true
emission = Color(1, 1, 1, 1)
backlight_enabled = true
backlight = Color(0.741176, 0.741176, 0.741176, 1)
texture_filter = 0
disable_receive_shadows = true
billboard_mode = 3
particles_anim_h_frames = 1
particles_anim_v_frames = 1
particles_anim_loop = false
distance_fade_mode = 1
distance_fade_max_distance = 5.0

[sub_resource type="QuadMesh" id="QuadMesh_f30qv"]
material = SubResource("StandardMaterial3D_urv1w")

[sub_resource type="ProceduralSkyMaterial" id="ProceduralSkyMaterial_bigj1"]
sky_horizon_color = Color(0.64625, 0.65575, 0.67075, 1)
ground_horizon_color = Color(0.64625, 0.65575, 0.67075, 1)

[sub_resource type="Sky" id="Sky_peba1"]
sky_material = SubResource("ProceduralSkyMaterial_bigj1")

[sub_resource type="Environment" id="Environment_3joom"]
background_mode = 2
sky = SubResource("Sky_peba1")
tonemap_mode = 2
ssao_enabled = true
glow_enabled = true
glow_bloom = 0.06
fog_light_color = Color(0.364706, 0.439216, 0.513726, 1)
fog_light_energy = 0.15
fog_density = 0.05
volumetric_fog_enabled = true
volumetric_fog_density = 0.07
volumetric_fog_emission = Color(0.364706, 0.439216, 0.513726, 1)

[node name="EnviroFinal" type="Node"]

[node name="Base" type="Node3D" parent="."]
transform = Transform3D(0.393, 0, 0, 0, 0.393, 0, 0, 0, 0.393, 0, 0, 0)

[node name="Border" type="Node3D" parent="Base"]

[node name="rock" parent="Base/Border" instance=ExtResource("1_thum7")]
transform = Transform3D(0.999999, 0, 0, 0, 0.999999, 0, 0, 0, 0.999999, 179.525, 14.6482, 11.3514)

[node name="rock7" parent="Base/Border" instance=ExtResource("1_thum7")]
transform = Transform3D(0.999999, 0, 0, 0, 0.999999, 0, 0, 0, 0.999999, -183.582, 13.5243, 49.2321)

[node name="rock8" parent="Base/Border" instance=ExtResource("1_thum7")]
transform = Transform3D(0.999999, 0, 0, 0, 0.999999, 0, 0, 0, 0.999999, -181.09, 14.6482, -37.9932)

[node name="rock9" parent="Base/Border" instance=ExtResource("1_thum7")]
transform = Transform3D(1, 0, 0, 0, 1, 0, 0, 0, 1, -130.677, 2.83273, -129.223)

[node name="rock10" parent="Base/Border" instance=ExtResource("1_thum7")]
transform = Transform3D(1.3, 0, 0, 0, 1.3, 0, 0, 0, 1.3, -127.874, 5.70997, -139.88)

[node name="rock11" parent="Base/Border" instance=ExtResource("1_thum7")]
transform = Transform3D(1, 0, 0, 0, 1, 0, 0, 0, 1, -117.359, 2.83273, -143.478)

[node name="rock2" parent="Base/Border" instance=ExtResource("1_thum7")]
transform = Transform3D(0.999999, 0, 0, 0, 0.999999, 0, 0, 0, 0.999999, 173.207, 10.3145, -31.8751)

[node name="rock3" parent="Base/Border" instance=ExtResource("1_thum7")]
transform = Transform3D(-0.646231, 0, 0.763142, 0, 1, 0, -0.763142, 0, -0.646231, 155.938, 6.97446, -96.2287)

[node name="rock4" parent="Base/Border" instance=ExtResource("1_thum7")]
transform = Transform3D(1, 0, 0, 0, 1, 0, 0, 0, 1, 149.96, 6.82847, -105.38)

[node name="rock5" parent="Base/Border" instance=ExtResource("1_thum7")]
transform = Transform3D(0.991624, 0, 0.129159, 0, 1, 0, -0.129159, 0, 0.991624, 129.559, 4.8154, -122.166)

[node name="rock6" parent="Base/Border" instance=ExtResource("1_thum7")]
transform = Transform3D(1, 0, 0, 0, -0.775419, -0.631448, 0, 0.631448, -0.775419, 83.5646, 10.1796, -175.019)

[node name="railcar2" parent="Base/Border" instance=ExtResource("8_n8cq1")]
transform = Transform3D(0.428901, 0.881078, -0.199346, 0.152452, 0.146911, 0.977328, 0.890392, -0.449569, -0.0713123, 158.63, 14.5989, -27.3184)

[node name="railcar5" parent="Base/Border" instance=ExtResource("8_n8cq1")]
transform = Transform3D(0.428901, 0.881079, -0.199346, -0.00556687, 0.223248, 0.974744, 0.903333, -0.41696, 0.100656, -190.854, 18.6551, -27.3184)

[node name="railcar6" parent="Base/Border" instance=ExtResource("8_n8cq1")]
transform = Transform3D(0.204176, -0.937304, 0.282442, -0.0067317, 0.287169, 0.957857, -0.978912, -0.197472, 0.052323, -177.067, 18.3872, 49.8936)

[node name="railcar4" parent="Base/Border" instance=ExtResource("8_n8cq1")]
transform = Transform3D(0.958727, -0.0829069, 0.271972, -0.284049, -0.321675, 0.903239, 0.0126022, -0.943213, -0.331948, 167.694, 30.9324, -15.566)

[node name="railcar3" parent="Base/Border" instance=ExtResource("8_n8cq1")]
transform = Transform3D(0.293353, 0.171801, 0.940436, 0.13286, -0.981496, 0.137859, 0.946722, 0.0845052, -0.310751, 176.786, 14.6196, -65.3231)

[node name="pine2" parent="Base/Border" instance=ExtResource("8_v7jj1")]
transform = Transform3D(1.22631, -0.242194, 0, 0.242194, 1.22631, 0, 0, 0, 1.25, 174.212, 8.5431, -61.9823)

[node name="pine3" parent="Base/Border" instance=ExtResource("8_v7jj1")]
transform = Transform3D(1.24007, -0.157251, 0, 0.157251, 1.24007, 0, 0, 0, 1.25, 168.724, 7.57753, -71.2836)

[node name="pine4" parent="Base/Border" instance=ExtResource("8_v7jj1")]
transform = Transform3D(0.274543, -0.153549, -1.20977, 0.033982, 1.24053, -0.149742, 1.21901, 0, 0.276638, 170.212, 6.95425, -82.5848)

[node name="pine5" parent="Base/Border" instance=ExtResource("8_v7jj1")]
transform = Transform3D(0.43684, 0, 1.17118, 0.089098, 1.24638, -0.0332327, -1.16779, 0.095094, 0.435574, 163.346, 4.98715, -90.005)

[node name="pine6" parent="Base/Border" instance=ExtResource("8_v7jj1")]
transform = Transform3D(-1.20418, -0.141547, 0.30399, -0.137242, 1.24196, 0.034646, -0.305958, 0, -1.21198, 144.674, 2.52024, -113.695)

[node name="pine26" parent="Base/Border" instance=ExtResource("8_v7jj1")]
transform = Transform3D(-0.925186, -0.0788921, -0.836846, -0.137242, 1.24196, 0.034646, 0.829277, 0.117523, -0.927896, 146.751, 4.39685, -111.848)

[node name="pine8" parent="Base/Border" instance=ExtResource("8_v7jj1")]
transform = Transform3D(1.25, 0, 0, 0, 1.25, 0, 0, 0, 1.25, 126.856, 1.61392, -129.362)

[node name="pine25" parent="Base/Border" instance=ExtResource("8_v7jj1")]
transform = Transform3D(0.307095, -0.206254, -1.08888, -0.112308, 1.1183, -0.243502, 1.10253, 0.171364, 0.278487, 126.953, 1.61392, -135.077)

[node name="pine9" parent="Base/Border" instance=ExtResource("8_v7jj1")]
transform = Transform3D(-0.810648, -0.116854, 0.944297, -0.076115, 1.24453, 0.0886638, -0.948451, 0, -0.814214, 123.843, 3.18604, -138.228)

[node name="pine10" parent="Base/Border" instance=ExtResource("8_v7jj1")]
transform = Transform3D(-1.19718, -0.145378, 0.32883, -0.0998962, 1.23274, 0.18131, -0.345376, 0.147369, -1.19227, 121.433, 3.69008, -146.922)

[node name="pine11" parent="Base/Border" instance=ExtResource("8_v7jj1")]
transform = Transform3D(0.12339, 0, 1.2439, 0, 1.25, 0, -1.2439, 0, 0.12339, 113.916, 6.09446, -154.239)

[node name="pine24" parent="Base/Border" instance=ExtResource("8_v7jj1")]
transform = Transform3D(-0.435885, -0.0950315, 1.05994, 0.010616, 1.14496, 0.10702, -1.06414, 0.0503484, -0.433098, 117.417, 4.07239, -149.68)

[node name="pine13" parent="Base/Border" instance=ExtResource("8_v7jj1")]
transform = Transform3D(1.24031, -0.155346, 0, 0.154674, 1.23494, -0.11618, 0.0144385, 0.11528, 1.24459, 122.169, 5.51273, -153.498)

[node name="pine14" parent="Base/Border" instance=ExtResource("8_v7jj1")]
transform = Transform3D(0.940644, 0, 1.03691, 0, 1.4, 0, -1.03691, 0, 0.940644, 127.193, 3.53243, -145.435)

[node name="pine15" parent="Base/Border" instance=ExtResource("8_v7jj1")]
transform = Transform3D(1.09771, 0, -0.597944, 0, 1.25, 0, 0.597944, 0, 1.09771, 131.205, 2.99583, -138.017)

[node name="pine16" parent="Base/Border" instance=ExtResource("8_v7jj1")]
transform = Transform3D(0.462974, 0, 1.1611, 0.106344, 1.24475, -0.0424031, -1.15622, 0.114486, 0.461028, 141.674, 2.93297, -120.008)

[node name="pine17" parent="Base/Border" instance=ExtResource("8_v7jj1")]
transform = Transform3D(0.914877, 0, 0.851764, 0, 1.25, 0, -0.851764, 0, 0.914877, 168.867, 7.42919, -87.8528)

[node name="pine18" parent="Base/Border" instance=ExtResource("8_v7jj1")]
transform = Transform3D(-0.138825, -0.352299, 1.19127, 0.0659645, 1.1949, 0.361061, -1.24052, 0.102964, -0.114114, 172.868, 7.81338, -77.3476)

[node name="pine19" parent="Base/Border" instance=ExtResource("8_v7jj1")]
transform = Transform3D(-1.031, 0, 0.706785, 0, 1.25, 0, -0.706785, 0, -1.031, 173.764, 7.57729, -69.0557)

[node name="pine20" parent="Base/Border" instance=ExtResource("8_v7jj1")]
transform = Transform3D(1.25, 0, 0, 0, 1.25, 0, 0, 0, 1.25, 181.99, 11.8702, -52.5109)

[node name="pine21" parent="Base/Border" instance=ExtResource("8_v7jj1")]
transform = Transform3D(1.25, 0, 0, 0, 1.25, 0, 0, 0, 1.25, 176.602, 12.9654, -25.2774)

[node name="pine12" parent="Base/Border" instance=ExtResource("8_v7jj1")]
transform = Transform3D(0.943359, 0, 0.820107, 0, 1.25, 0, -0.820107, 0, 0.943359, 92.5608, 9.49188, -178.638)

[node name="pine23" parent="Base/Border" instance=ExtResource("8_v7jj1")]
transform = Transform3D(1.05118, 0, 0.676402, 0.0738373, 1.24253, -0.114749, -0.67236, 0.136452, 1.0449, 97.8263, 8.10667, -178.559)

[node name="pine27" parent="Base/Border" instance=ExtResource("8_v7jj1")]
transform = Transform3D(-0.677444, 0.036821, 1.04987, 0.339966, 1.18969, 0.177644, -0.993981, 0.381809, -0.654773, 104.517, 8.10667, -185.771)

[node name="pine7" parent="Base/Border" instance=ExtResource("8_v7jj1")]
transform = Transform3D(0.26181, 0, 1.22228, 0, 1.25, 0, -1.22228, 0, 0.26181, 135.892, 3.09827, -118.492)

[node name="box2" parent="Base/Border" instance=ExtResource("11_m6eib")]
transform = Transform3D(0.707107, -0.612373, -0.353554, 0.707107, 0.612373, 0.353554, 0, -0.5, 0.866026, 163.847, 5.46814, 6.48181)

[node name="box3" parent="Base/Border" instance=ExtResource("11_m6eib")]
transform = Transform3D(0.353554, -0.739199, 0.573224, 0.841507, 0.518952, 0.150188, -0.408494, 0.429272, 0.805518, 149.275, 4.54706, -17.0671)

[node name="pine22" parent="Base/Border" instance=ExtResource("8_v7jj1")]
transform = Transform3D(1.25, 0, 0, 0, 1.25, 0, 0, 0, 1.25, 181.983, 11.272, 40.7968)

[node name="pine28" parent="Base/Border" instance=ExtResource("8_v7jj1")]
transform = Transform3D(0.425187, 0, -1.17546, 0, 1.25, 0, 1.17546, 0, 0.425187, 187.455, 11.2721, 38.1207)

[node name="tree23" parent="Base/Border" instance=ExtResource("9_5fper")]
transform = Transform3D(1.3, 0, 0, 0, 1.3, 0, 0, 0, 1.3, -136.23, 2.78982, -135.706)

[node name="tree24" parent="Base/Border" instance=ExtResource("9_5fper")]
transform = Transform3D(1.2557, 0, 0.336465, 0, 1.3, 0, -0.336465, 0, 1.2557, -130.088, 2.78982, -146.839)

[node name="tree25" parent="Base/Border" instance=ExtResource("9_5fper")]
transform = Transform3D(-0.65, 0, -1.12583, 0, 1.3, 0, 1.12583, 0, -0.65, -118.973, 2.78982, -151.5)

[node name="tree26" parent="Base/Border" instance=ExtResource("9_5fper")]
transform = Transform3D(-0.91924, 0, 0.919239, 0, 1.3, 0, -0.919239, 0, -0.91924, -112.931, 2.78982, -150.678)

[node name="tree27" parent="Base/Border" instance=ExtResource("9_5fper")]
transform = Transform3D(-0.91924, 0, 0.91924, 0.207706, 1.26638, 0.207706, -0.895466, 0.293741, -0.895467, -100.817, 1.12645, -147.304)

[node name="tree29" parent="Base/Border" instance=ExtResource("9_5fper")]
transform = Transform3D(-0.959794, 9.95438e-09, -0.876813, -0.411517, 1.14793, 0.450463, 0.774244, 0.610133, -0.847519, -93.3942, 1.12645, -145.151)

[node name="tree28" parent="Base/Border" instance=ExtResource("9_5fper")]
transform = Transform3D(-0.650001, 0, -1.12583, -0.360659, 1.23149, 0.208227, 1.0665, 0.416453, -0.615746, -87.0484, 1.18521, -143.305)

[node name="tree49" parent="Base/Border" instance=ExtResource("9_5fper")]
transform = Transform3D(-0.228324, -0.170585, 1.26838, 0.207707, 1.26638, 0.207707, -1.26283, 0.239134, -0.195165, 122.206, 4.58304, -170.614)

[node name="tree52" parent="Base/Border" instance=ExtResource("9_5fper")]
transform = Transform3D(-1.01921, -0.0346197, 1.23029, 0.255319, 1.55667, 0.255318, -1.204, 0.359411, -0.987322, 91.8311, 11.9917, -190.916)

[node name="Exterior" type="Node3D" parent="Base"]

[node name="railcar" parent="Base/Exterior" instance=ExtResource("8_n8cq1")]
transform = Transform3D(1, 0, 0, 0, 1, 0, 0, 0, 1, 12.1257, 0, 0)

[node name="woodstack3" parent="Base/Exterior" instance=ExtResource("7_b2mxf")]
transform = Transform3D(-0.258819, 0, 0.965926, 0, 1, 0, -0.965926, 0, -0.258819, -36.4331, 5.9574, 8.35041)

[node name="woodstack5" parent="Base/Exterior" instance=ExtResource("7_b2mxf")]
transform = Transform3D(0.123567, 0, 0.992338, 0, 1, 0, -0.992338, 0, 0.123567, -53.4257, 3.28726, 9.60969)

[node name="woodstack10" parent="Base/Exterior" instance=ExtResource("7_b2mxf")]
transform = Transform3D(-0.992339, 0, 0.123567, 0, 1, 0, -0.123567, 0, -0.992339, -58.6675, 3.28726, 53.7532)

[node name="woodstack8" parent="Base/Exterior" instance=ExtResource("7_b2mxf")]
transform = Transform3D(0.123567, 0, 0.992339, 0, 1, 0, -0.992339, 0, 0.123567, -14.2717, 3.28726, 104.133)

[node name="woodstack9" parent="Base/Exterior" instance=ExtResource("7_b2mxf")]
transform = Transform3D(0.992339, 0, -0.123567, 0, 1, 0, 0.123567, 0, 0.992339, 63.2458, 3.17202, 58.2006)

[node name="woodstack6" parent="Base/Exterior" instance=ExtResource("7_b2mxf")]
transform = Transform3D(0, 0, 1, 0, 1, 0, -1, 0, 0, -53.4257, 9.22513, 9.6097)

[node name="woodstack7" parent="Base/Exterior" instance=ExtResource("7_b2mxf")]
transform = Transform3D(-0.190844, 0, 0.981623, 0, 1, 0, -0.981623, 0, -0.190844, -53.4257, 15.1858, 11.1158)

[node name="woodstack11" parent="Base/Exterior" instance=ExtResource("7_b2mxf")]
transform = Transform3D(-0.992339, 0, 0.123567, 0, 1, 0, -0.123567, 0, -0.992339, -60.0097, 3.28726, 22.9982)

[node name="woodstack12" parent="Base/Exterior" instance=ExtResource("7_b2mxf")]
transform = Transform3D(-1, 0, -4.37115e-08, 0, 1, 0, 4.37115e-08, 0, -1, -60.0097, 9.22514, 22.9982)

[node name="woodstack13" parent="Base/Exterior" instance=ExtResource("7_b2mxf")]
transform = Transform3D(-0.981624, 0, -0.190844, 0, 1, 0, 0.190844, 0, -0.981624, -58.5036, 15.1858, 22.9983)

[node name="woodstack14" parent="Base/Exterior" instance=ExtResource("7_b2mxf")]
transform = Transform3D(-0.981624, 0, -0.190844, 0.0493941, 0.965928, -0.254063, 0.184341, -0.25882, -0.948176, -58.5036, 23.0893, 22.9983)

[node name="woodstack4" parent="Base/Exterior" instance=ExtResource("7_b2mxf")]
transform = Transform3D(-8.9407e-08, 0, -1, 0, 1, 0, 1, 0, -8.9407e-08, -19.4096, 5.9574, 8.35041)

[node name="woodstack2" parent="Base/Exterior" instance=ExtResource("7_b2mxf")]
transform = Transform3D(-4.2222e-08, 0.258819, 0.965926, 1.13133e-08, 0.965926, -0.258819, -1, 0, -4.37114e-08, 49.9481, 4.55508, 10.5342)

[node name="rock2" parent="Base/Exterior" instance=ExtResource("1_thum7")]
transform = Transform3D(-0.758225, -0.634382, 0.150511, 0, 0.230848, 0.972989, -0.651992, 0.737745, -0.175035, 61.0049, -2.8687, 14.17)

[node name="box2" parent="Base/Exterior" instance=ExtResource("11_m6eib")]
transform = Transform3D(1, 0, 0, 0, 0.965928, 0.258819, 0, -0.258819, 0.965928, -42.4853, 13.9821, 12.2962)

[node name="box4" parent="Base/Exterior" instance=ExtResource("11_m6eib")]
transform = Transform3D(0.5, 0, 0, 0, 0.482963, 0.12941, 0, -0.12941, 0.482963, -39.1278, 12.869, 12.7717)

[node name="box3" parent="Base/Exterior" instance=ExtResource("11_m6eib")]
transform = Transform3D(0.990211, 0, -0.139588, 0, 1, 0, 0.139588, 0, 0.990211, 11.0341, 2.10149, 103.404)

[node name="box13" parent="Base/Exterior" instance=ExtResource("11_m6eib")]
transform = Transform3D(0.990211, 0, -0.139588, 0, 1, 0, 0.139588, 0, 0.990211, -57.3292, 2.1015, 73.6651)

[node name="box5" parent="Base/Exterior" instance=ExtResource("11_m6eib")]
transform = Transform3D(0.965927, 0, 0.258819, 0, 1, 0, -0.258819, 0, 0.965927, 16.3163, 2.10149, 103.92)

[node name="box6" parent="Base/Exterior" instance=ExtResource("11_m6eib")]
transform = Transform3D(0.94173, 0, 0.336372, 0, 1, 0, -0.336372, 0, 0.94173, 52.9267, 2.10149, 103.229)

[node name="box9" parent="Base/Exterior" instance=ExtResource("11_m6eib")]
transform = Transform3D(0.941731, 0, 0.336373, 0, 1, 0, -0.336373, 0, 0.941731, -56.6516, 18.2441, 27.3596)

[node name="box10" parent="Base/Exterior" instance=ExtResource("11_m6eib")]
transform = Transform3D(0.706298, 0, 0.252279, 0, 0.750001, 0, -0.252279, 0, 0.706298, -55.3686, 18.8452, 12.3479)

[node name="box11" parent="Base/Exterior" instance=ExtResource("11_m6eib")]
transform = Transform3D(0.748886, 0, -0.0408863, 0, 0.750002, 0, 0.0408863, 0, 0.748886, -59.2094, 19.555, 12.4686)

[node name="box12" parent="Base/Exterior" instance=ExtResource("11_m6eib")]
transform = Transform3D(0.399405, -1.11759e-09, -0.021806, 0.00564381, 0.38637, 0.103374, 0.021063, -0.103528, 0.385796, -59.2094, 27.5721, 26.2385)

[node name="box7" parent="Base/Exterior" instance=ExtResource("11_m6eib")]
transform = Transform3D(0.531473, 0, 0.847077, 0, 1, 0, -0.847077, 0, 0.531473, 61.858, 1.959, 77.7824)

[node name="box8" parent="Base/Exterior" instance=ExtResource("11_m6eib")]
transform = Transform3D(0.531473, 0, 0.847077, 0.0780831, 0.995743, -0.0489909, -0.843471, 0.0921795, 0.529211, 61.8648, 1.61141, 32.3421)

[node name="woodstack15" parent="Base/Exterior" instance=ExtResource("7_b2mxf")]
transform = Transform3D(0.865974, -0.500091, 0, 0.500091, 0.865974, 0, 0, 0, 1, 180.916, 13.7293, 27.645)

[node name="reel8" parent="Base/Exterior" instance=ExtResource("12_vt5y5")]
transform = Transform3D(1, 0.866026, 1.5, 0, 1.73205, -1, -1.73205, 0.5, 0.866027, -48.8347, -0.676752, 104.68)

[node name="reel9" parent="Base/Exterior" instance=ExtResource("12_vt5y5")]
transform = Transform3D(1.93186, -0.258819, -0.448289, 0.133975, 1.92304, -0.532914, 0.5, 0.484726, 1.87485, 61.18, 1.28615, 94.6219)

[node name="MiscTrees" type="Node3D" parent="Base"]

[node name="tree2" parent="Base/MiscTrees" instance=ExtResource("9_5fper")]
transform = Transform3D(1.3, 0, 0, 0, 1.3, 0, 0, 0, 1.3, 161.654, 2.34681, 99.5747)

[node name="tree24" parent="Base/MiscTrees" instance=ExtResource("9_5fper")]
transform = Transform3D(0.203387, 0, 1.28399, -0.203007, 1.28365, 0.0321568, -1.26784, -0.205538, 0.200829, 158.024, 2.20606, 90.4203)

[node name="tree25" parent="Base/MiscTrees" instance=ExtResource("9_5fper")]
transform = Transform3D(0.855045, -0.362885, -0.909513, 0.248559, 1.24832, -0.264393, 0.947162, 0, 0.890441, 170.44, 2.34681, 80.687)

[node name="tree23" parent="Base/MiscTrees" instance=ExtResource("9_5fper")]
transform = Transform3D(1.3, 0, 0, 0, 1.3, 0, 0, 0, 1.3, 163.534, 2.34681, 66.3242)

[node name="tree4" parent="Base/MiscTrees" instance=ExtResource("9_5fper")]
transform = Transform3D(0.659624, 0, 1.12022, 0, 1.3, 0, -1.12022, 0, 0.659624, 164.931, 5.0159, 29.6844)

[node name="tree8" parent="Base/MiscTrees" instance=ExtResource("9_5fper")]
transform = Transform3D(1.3, 0, 0, 0, 1.3, 0, 0, 0, 1.3, 115.311, -0.819539, -46.1386)

[node name="tree17" parent="Base/MiscTrees" instance=ExtResource("9_5fper")]
transform = Transform3D(1.22595, -0.432494, 0, 0.432494, 1.22595, 0, 0, 0, 1.3, 186.343, 13.1553, -44.0078)

[node name="tree9" parent="Base/MiscTrees" instance=ExtResource("9_5fper")]
transform = Transform3D(1.3, 0, 0, 0, 1.3, 0, 0, 0, 1.3, 35.7714, 0.252213, -96.5015)

[node name="tree10" parent="Base/MiscTrees" instance=ExtResource("9_5fper")]
transform = Transform3D(1.3, 0, 0, 0, 1.3, 0, 0, 0, 1.3, 94.8687, 1.127, -132.183)

[node name="tree11" parent="Base/MiscTrees" instance=ExtResource("9_5fper")]
transform = Transform3D(1.3, 0, 0, 0, 1.3, 0, 0, 0, 1.3, -82.8617, -0.985934, -99.9449)

[node name="tree12" parent="Base/MiscTrees" instance=ExtResource("9_5fper")]
transform = Transform3D(1.3, 0, 0, 0, 1.3, 0, 0, 0, 1.3, -78.3348, -0.60035, -71.5988)

[node name="tree13" parent="Base/MiscTrees" instance=ExtResource("9_5fper")]
transform = Transform3D(1.3, 0, 0, 0, 1.3, 0, 0, 0, 1.3, -141.149, 1.2105, 63.5074)

[node name="tree14" parent="Base/MiscTrees" instance=ExtResource("9_5fper")]
transform = Transform3D(1.28604, 0.189998, 0, -0.189998, 1.28604, 0, 0, 0, 1.3, -164.835, 2.06335, 113.384)

[node name="tree15" parent="Base/MiscTrees" instance=ExtResource("9_5fper")]
transform = Transform3D(1.3, 0, 0, 0, 1.3, 0, 0, 0, 1.3, -88.3438, -0.563395, 123.246)

[node name="tree16" parent="Base/MiscTrees" instance=ExtResource("9_5fper")]
transform = Transform3D(1.3, 0, 0, 0, 1.3, 0, 0, 0, 1.3, -36.7065, 0.321293, 126.322)

[node name="tree5" parent="Base/MiscTrees" instance=ExtResource("9_5fper")]
transform = Transform3D(1.3, 0, 0, 0, 1.3, 0, 0, 0, 1.3, 118.457, -1.27932, 89.7844)

[node name="tree6" parent="Base/MiscTrees" instance=ExtResource("9_5fper")]
transform = Transform3D(1.3, 0, 0, 0, 1.3, 0, 0, 0, 1.3, 160.978, 2.78982, 156.529)

[node name="tree7" parent="Base/MiscTrees" instance=ExtResource("9_5fper")]
transform = Transform3D(1.3, 0, 0, 0, 1.3, 0, 0, 0, 1.3, 190.017, 11.6065, 113.336)

[node name="tree3" parent="Base/MiscTrees" instance=ExtResource("9_5fper")]
transform = Transform3D(1.3, 0, 0, 0, 1.3, 0, 0, 0, 1.3, 85.7153, 1.06274, 133.91)

[node name="pine2" parent="Base/MiscTrees" instance=ExtResource("8_v7jj1")]
transform = Transform3D(1.25, 0, 0, 0, 1.25, 0, 0, 0, 1.25, 148.292, 3.40597, 75.4458)

[node name="pine3" parent="Base/MiscTrees" instance=ExtResource("8_v7jj1")]
transform = Transform3D(1.25, 0, 0, 0, 1.25, 0, 0, 0, 1.25, 133.361, 3.05111, 122.612)

[node name="pine4" parent="Base/MiscTrees" instance=ExtResource("8_v7jj1")]
transform = Transform3D(1.22524, -0.247585, 0, 0.247585, 1.22524, 0, 0, 0, 1.25, 180.745, 8.76126, 70.6985)

[node name="pine18" parent="Base/MiscTrees" instance=ExtResource("8_v7jj1")]
transform = Transform3D(1.25, 0, 0, 0, 1.25, 0, 0, 0, 1.25, 176.823, 10.9501, 18.4132)

[node name="pine6" parent="Base/MiscTrees" instance=ExtResource("8_v7jj1")]
transform = Transform3D(1.25, 0, 0, 0, 1.25, 0, 0, 0, 1.25, 102.632, 1.75029, 34.7961)

[node name="pine418" parent="Base/MiscTrees" instance=ExtResource("8_v7jj1")]
transform = Transform3D(0.439374, 0, -1.17024, 0, 1.25, 0, 1.17024, 0, 0.439374, 78.9469, -0.219555, -65.0747)

[node name="pine419" parent="Base/MiscTrees" instance=ExtResource("8_v7jj1")]
transform = Transform3D(0.439374, 0, -1.17024, 0, 1.25, 0, 1.17024, 0, 0.439374, 20.4787, 1.34211, -115.055)

[node name="pine7" parent="Base/MiscTrees" instance=ExtResource("8_v7jj1")]
transform = Transform3D(1.25, 0, 0, 0, 1.25, 0, 0, 0, 1.25, 97.0569, -2.42665e-06, 110.247)

[node name="pine8" parent="Base/MiscTrees" instance=ExtResource("8_v7jj1")]
transform = Transform3D(1.25, 0, 0, 0, 1.25, 0, 0, 0, 1.25, 78.1111, 6.81912, 165.783)

[node name="pine9" parent="Base/MiscTrees" instance=ExtResource("8_v7jj1")]
transform = Transform3D(1.25, 0, 0, 0, 1.2349, 0.193712, 0, -0.193712, 1.2349, 18.7788, 7.78637, 181.439)

[node name="pine10" parent="Base/MiscTrees" instance=ExtResource("8_v7jj1")]
transform = Transform3D(1.25, 0, 0, 0, 1.25, 0, 0, 0, 1.25, -41.767, 1.95405, 166.361)

[node name="pine11" parent="Base/MiscTrees" instance=ExtResource("8_v7jj1")]
transform = Transform3D(1.25, 0, 0, 0, 1.25, 0, 0, 0, 1.25, -127.996, 1.97823, 113.035)

[node name="pine416" parent="Base/MiscTrees" instance=ExtResource("8_v7jj1")]
transform = Transform3D(-0.470624, 0, -1.15802, 0, 1.25, 0, 1.15802, 0, -0.470624, -49.3561, 1.97823, 144.734)

[node name="pine417" parent="Base/MiscTrees" instance=ExtResource("8_v7jj1")]
transform = Transform3D(-1.22281, 0, 0.259314, 0, 1.25, 0, -0.259314, 0, -1.22281, 25.5511, 2.81649, 144.734)

[node name="pine12" parent="Base/MiscTrees" instance=ExtResource("8_v7jj1")]
transform = Transform3D(1.25, 0, 0, 0, 1.25, 0, 0, 0, 1.25, -173.426, 9.20484, 8.74615)

[node name="pine20" parent="Base/MiscTrees" instance=ExtResource("8_v7jj1")]
transform = Transform3D(0.45833, 0, 1.16294, 0, 1.25, 0, -1.16294, 0, 0.45833, -178.003, 11.6168, 5.51223)

[node name="pine21" parent="Base/MiscTrees" instance=ExtResource("8_v7jj1")]
transform = Transform3D(1.1105, 0, -0.573836, 0, 1.25, 0, 0.573836, 0, 1.1105, -181.735, 9.90338, 9.89047)

[node name="pine13" parent="Base/MiscTrees" instance=ExtResource("8_v7jj1")]
transform = Transform3D(0.987159, 0, 0.766824, 0, 1.25, 0, -0.766824, 0, 0.987159, -179.516, 12.9064, -30.332)

[node name="pine14" parent="Base/MiscTrees" instance=ExtResource("8_v7jj1")]
transform = Transform3D(1.25, 0, 0, 0, 1.25, 0, 0, 0, 1.25, -118.518, 2.10868, -61.8411)

[node name="pine15" parent="Base/MiscTrees" instance=ExtResource("8_v7jj1")]
transform = Transform3D(1.25, 0, 0, 0, 1.25, 0, 0, 0, 1.25, -108.297, 0.985452, 36.4686)

[node name="pine16" parent="Base/MiscTrees" instance=ExtResource("8_v7jj1")]
transform = Transform3D(1.24753, 0.0785317, 0, -0.0785317, 1.24753, 0, 0, 0, 1.25, -29.6566, 3.64504, -129.859)

[node name="pine17" parent="Base/MiscTrees" instance=ExtResource("8_v7jj1")]
transform = Transform3D(1.15, 0, 0, 0, 1.1423, 0.132876, 0, -0.132876, 1.1423, 44.6499, 3.57659, -146.213)

[node name="tree18" parent="Base/MiscTrees" instance=ExtResource("9_5fper")]
transform = Transform3D(2.25072, -2.17403, 0.58253, 0.170166, 0.985833, 3.02171, -2.24428, -2.10552, 0.813315, 116.75, 5.19125, -157.889)

[node name="rock12" parent="Base/MiscTrees" instance=ExtResource("1_thum7")]
transform = Transform3D(-0.258819, 0, 0.965927, 0, 1, 0, -0.965927, 0, -0.258819, 181.034, 10.3145, 48.4483)

[node name="rock13" parent="Base/MiscTrees" instance=ExtResource("1_thum7")]
transform = Transform3D(-0.258819, 0, 0.965927, 0, 1, 0, -0.965927, 0, -0.258819, 170.1, 9.79311, 72.4987)

[node name="rock14" parent="Base/MiscTrees" instance=ExtResource("1_thum7")]
transform = Transform3D(-0.258819, 0, 0.965927, 0, 1, 0, -0.965927, 0, -0.258819, 130.953, 6.99967, 130.605)

[node name="pine23" parent="Base/MiscTrees" instance=ExtResource("8_v7jj1")]
transform = Transform3D(-0.323524, 0, 1.20741, 0, 1.25, 0, -1.20741, 0, -0.323524, 174.371, 6.55591, 55.7063)

[node name="pine24" parent="Base/MiscTrees" instance=ExtResource("8_v7jj1")]
transform = Transform3D(-0.323524, 0, 1.20741, 0, 1.25, 0, -1.20741, 0, -0.323524, 163.849, 5.2928, 76.9721)

[node name="pine25" parent="Base/MiscTrees" instance=ExtResource("8_v7jj1")]
transform = Transform3D(1.1375, 0, -0.518269, 0, 1.25, 0, 0.518269, 0, 1.1375, 156.065, 4.94771, 82.1771)

[node name="pine26" parent="Base/MiscTrees" instance=ExtResource("8_v7jj1")]
transform = Transform3D(-0.516998, 0, -1.13808, 0, 1.25, 0, 1.13808, 0, -0.516998, 148.291, 4.40922, 86.7552)

[node name="pine27" parent="Base/MiscTrees" instance=ExtResource("8_v7jj1")]
transform = Transform3D(0.697039, 0, 1.03762, 0, 1.25, 0, -1.03762, 0, 0.697039, 142.56, 1.83702, 93.638)

[node name="pine28" parent="Base/MiscTrees" instance=ExtResource("8_v7jj1")]
transform = Transform3D(-0.811463, 0, 0.950808, 0, 1.25, 0, -0.950808, 0, -0.811463, 141.749, 2.40626, 87.7463)

[node name="pine29" parent="Base/MiscTrees" instance=ExtResource("8_v7jj1")]
transform = Transform3D(0.39448, 0, 1.18613, 0, 1.25, 0, -1.18613, 0, 0.39448, 148.237, 2.96102, 80.8066)

[node name="pine30" parent="Base/MiscTrees" instance=ExtResource("8_v7jj1")]
transform = Transform3D(-1.2032, 0, 0.33884, 0, 1.25, 0, -0.33884, 0, -1.2032, 154.364, 3.48948, 75.0114)

[node name="pine369" parent="Base/MiscTrees" instance=ExtResource("8_v7jj1")]
transform = Transform3D(0.971902, 0, 0.786075, 0, 1.25, 0, -0.786075, 0, 0.971902, 160.019, 4.70615, 71.5757)

[node name="pine31" parent="Base/MiscTrees" instance=ExtResource("8_v7jj1")]
transform = Transform3D(-1.19353, 0, -0.371469, 0, 1.25, 0, 0.371469, 0, -1.19353, 169.049, 5.08891, 60.238)

[node name="pine32" parent="Base/MiscTrees" instance=ExtResource("8_v7jj1")]
transform = Transform3D(-0.323524, 0, 1.20741, 0, 1.25, 0, -1.20741, 0, -0.323524, 125.129, 2.55989, 122.852)

[node name="pine302" parent="Base/MiscTrees" instance=ExtResource("8_v7jj1")]
transform = Transform3D(0.559135, 0, 1.11798, 0, 1.25, 0, -1.11798, 0, 0.559135, 123.172, 0.406345, 118.898)

[node name="pine33" parent="Base/MiscTrees" instance=ExtResource("8_v7jj1")]
transform = Transform3D(-0.323524, 0, 1.20741, 0, 1.25, 0, -1.20741, 0, -0.323524, 172.01, 6.47858, 65.4306)

[node name="rock19" parent="Base/MiscTrees" instance=ExtResource("1_thum7")]
transform = Transform3D(-0.866027, 0, 0.500001, 0, 1, 0, -0.500001, 0, -0.866027, -165.504, 8.68824, 87.0156)

[node name="rock20" parent="Base/MiscTrees" instance=ExtResource("1_thum7")]
transform = Transform3D(-0.866027, 0, 0.500001, 0, 1, 0, -0.500001, 0, -0.866027, -156.229, 6.0317, 111.753)

[node name="pine105" parent="Base/MiscTrees" instance=ExtResource("8_v7jj1")]
transform = Transform3D(-1.08253, 0, 0.625002, 0, 1.25, 0, -0.625002, 0, -1.08253, -165.083, 5.09051, 96.8596)

[node name="pine106" parent="Base/MiscTrees" instance=ExtResource("8_v7jj1")]
transform = Transform3D(-1.08253, 0, 0.625002, 0, 1.25, 0, -0.625002, 0, -1.08253, -165.642, 5.11757, 103.827)

[node name="pine107" parent="Base/MiscTrees" instance=ExtResource("8_v7jj1")]
transform = Transform3D(-1.08253, 0, 0.625002, 0, 1.25, 0, -0.625002, 0, -1.08253, -159.876, 4.31448, 105.405)

[node name="pine236" parent="Base/MiscTrees" instance=ExtResource("8_v7jj1")]
transform = Transform3D(0.148132, 0, -1.24119, 0, 1.25, 0, 1.24119, 0, 0.148132, -160.822, 2.90071, 99.5944)

[node name="rock21" parent="Base/MiscTrees" instance=ExtResource("1_thum7")]
transform = Transform3D(8.17211e-08, -0.933255, 0.359215, 0.61602, 0.282965, 0.735154, -0.787732, 0.221283, 0.574903, -149.721, 6.46317, -96.5541)

[node name="rock22" parent="Base/MiscTrees" instance=ExtResource("1_thum7")]
transform = Transform3D(2.27499e-07, 0, 1, 0, 1, 0, -1, 0, 2.27499e-07, -166.507, 9.48421, -76.153)

[node name="pine108" parent="Base/MiscTrees" instance=ExtResource("8_v7jj1")]
transform = Transform3D(4.17081e-07, 0, 1.25, 0, 1.25, 0, -1.25, 0, 4.17081e-07, -158.036, 5.41529, -91.2679)

[node name="pine109" parent="Base/MiscTrees" instance=ExtResource("8_v7jj1")]
transform = Transform3D(4.17081e-07, 0, 1.25, 0, 1.25, 0, -1.25, 0, 4.17081e-07, -164.349, 6.14699, -88.268)

[node name="pine110" parent="Base/MiscTrees" instance=ExtResource("8_v7jj1")]
transform = Transform3D(3.41248e-07, 0, 1.25, 0, 1.25, 0, -1.25, 0, 3.41248e-07, -162.833, 5.62458, -82.4859)

[node name="rock25" parent="Base/MiscTrees" instance=ExtResource("1_thum7")]
transform = Transform3D(0.258819, 0, 0.965926, 0, 1, 0, -0.965926, 0, 0.258819, 57.0571, 9.93571, -168.565)

[node name="rock26" parent="Base/MiscTrees" instance=ExtResource("1_thum7")]
transform = Transform3D(0.258819, 0, 0.965927, 0.680481, -0.709719, -0.182335, 0.685536, 0.704486, -0.183689, 35.5629, 9.95485, -153.204)

[node name="rock27" parent="Base/MiscTrees" instance=ExtResource("1_thum7")]
transform = Transform3D(0.362347, -1.46031e-07, 1.3523, 0.952673, -0.993606, -0.255268, 0.959749, 0.98628, -0.257164, 14.2491, 9.95485, -153.204)

[node name="rock28" parent="Base/MiscTrees" instance=ExtResource("1_thum7")]
transform = Transform3D(0.258819, 0, 0.965927, 0.680481, -0.709719, -0.182335, 0.685536, 0.704486, -0.183689, -52.7152, 6.51895, -147.245)

[node name="pine126" parent="Base/MiscTrees" instance=ExtResource("8_v7jj1")]
transform = Transform3D(-1.00045, 0.14521, -0.735199, 0.117013, 1.24154, 0.0859888, 0.740211, 8.61257e-09, -1.00727, 47.6573, 6.4786, -165.611)

[node name="pine163" parent="Base/MiscTrees" instance=ExtResource("8_v7jj1")]
transform = Transform3D(-1.1205, 0.162635, -0.823422, -0.0607553, 1.35415, 0.350135, 0.837128, 0.315967, -1.07675, 61.3143, 6.4786, -178.431)

[node name="pine164" parent="Base/MiscTrees" instance=ExtResource("8_v7jj1")]
transform = Transform3D(-0.808215, 0.383495, -0.873055, 0.0377375, 1.15643, 0.473033, 0.952822, 0.279492, -0.75929, 49.9678, 6.47861, -172.808)

[node name="pine415" parent="Base/MiscTrees" instance=ExtResource("8_v7jj1")]
transform = Transform3D(-1.20427, -0.0924283, 0.322034, 0.0377375, 1.15643, 0.473033, -0.332902, 0.465448, -1.11132, 45.5926, 6.47862, -176.524)

[node name="pine127" parent="Base/MiscTrees" instance=ExtResource("8_v7jj1")]
transform = Transform3D(-1.05164, 0, 0.92415, 0.0595087, 1.39709, 0.0677183, -0.922232, 0.0901502, -1.04946, 40.7829, 6.4786, -164.347)

[node name="pine128" parent="Base/MiscTrees" instance=ExtResource("8_v7jj1")]
transform = Transform3D(-0.0887055, -0.0773701, -1.24445, -0.139121, 1.24042, -0.0672028, 1.23906, 0.133734, -0.0966363, 40.7507, 6.27635, -158.37)

[node name="tree19" parent="Base/MiscTrees" instance=ExtResource("9_5fper")]
transform = Transform3D(-2.75656, -1.53727, 0.411912, -1.4572e-08, 0.823824, 3.07455, -1.5915, 2.66264, -0.713452, 138.91, 0.274509, 94.1171)

[node name="rock15" parent="Base/MiscTrees" instance=ExtResource("1_thum7")]
transform = Transform3D(0.25882, 0, 0.965927, 0, 1, 0, -0.965927, 0, 0.25882, 123.601, 7.36338, 141.31)

[node name="rock16" parent="Base/MiscTrees" instance=ExtResource("1_thum7")]
transform = Transform3D(0.25882, 0, 0.965928, 0, 1, 0, -0.965928, 0, 0.25882, 60.6451, 10.3145, 172.058)

[node name="rock32" parent="Base/MiscTrees" instance=ExtResource("1_thum7")]
transform = Transform3D(0.25882, 0, 0.965929, -0.454161, -0.882571, 0.121692, 0.8525, -0.470181, -0.228427, 85.1356, 8.27083, 154.199)

[node name="pine34" parent="Base/MiscTrees" instance=ExtResource("8_v7jj1")]
transform = Transform3D(0.323525, 0, 1.20741, 0, 1.25, 0, -1.20741, 0, 0.323525, 115.951, 4.35208, 142.059)

[node name="pine35" parent="Base/MiscTrees" instance=ExtResource("8_v7jj1")]
transform = Transform3D(0.323525, 0, 1.20741, 0, 1.25, 0, -1.20741, 0, 0.323525, 106.607, 4.91566, 142.674)

[node name="pine36" parent="Base/MiscTrees" instance=ExtResource("8_v7jj1")]
transform = Transform3D(0.323525, 0, 1.20741, 0, 1.25, 0, -1.20741, 0, 0.323525, 97.5859, 3.91513, 142.752)

[node name="pine37" parent="Base/MiscTrees" instance=ExtResource("8_v7jj1")]
transform = Transform3D(0.323525, 0, 1.20741, 0, 1.25, 0, -1.20741, 0, 0.323525, 89.1813, 5.26886, 145.847)

[node name="pine38" parent="Base/MiscTrees" instance=ExtResource("8_v7jj1")]
transform = Transform3D(0.348991, 0, -1.2003, 0, 1.25, 0, 1.2003, 0, 0.348991, 91.4244, 4.16206, 140.339)

[node name="pine39" parent="Base/MiscTrees" instance=ExtResource("8_v7jj1")]
transform = Transform3D(0.323525, 0, 1.20741, 0, 1.25, 0, -1.20741, 0, 0.323525, 100.513, 2.06496, 137.573)

[node name="pine40" parent="Base/MiscTrees" instance=ExtResource("8_v7jj1")]
transform = Transform3D(-1.24943, 0, 0.0379338, 0, 1.25, 0, -0.0379338, 0, -1.24943, 108.717, 1.12941, 135.618)

[node name="pine309" parent="Base/MiscTrees" instance=ExtResource("8_v7jj1")]
transform = Transform3D(-1.11288, 0, 0.56922, 0, 1.25, 0, -0.56922, 0, -1.11288, 116.767, 1.62697, 134.224)

[node name="pine310" parent="Base/MiscTrees" instance=ExtResource("8_v7jj1")]
transform = Transform3D(0.153853, 0, -1.2405, 0, 1.25, 0, 1.2405, 0, 0.153853, 120.697, 1.77081, 129.026)

[node name="pine43" parent="Base/MiscTrees" instance=ExtResource("8_v7jj1")]
transform = Transform3D(0.323525, 0, 1.20741, 0, 1.25, 0, -1.20741, 0, 0.323525, 53.3811, 6.47859, 173.168)

[node name="pine44" parent="Base/MiscTrees" instance=ExtResource("8_v7jj1")]
transform = Transform3D(-1.3277, 0, -0.244372, 0, 1.35, 0, 0.244372, 0, -1.3277, 44.9985, 6.47859, 174.597)

[node name="pine45" parent="Base/MiscTrees" instance=ExtResource("8_v7jj1")]
transform = Transform3D(-0.15273, 0, 1.34133, 0, 1.35, 0, -1.34133, 0, -0.15273, 36.7163, 6.47859, 174.231)

[node name="pine46" parent="Base/MiscTrees" instance=ExtResource("8_v7jj1")]
transform = Transform3D(0.323525, 0, 1.20741, 0, 1.25, 0, -1.20741, 0, 0.323525, 29.4946, 6.47859, 177.622)

[node name="pine47" parent="Base/MiscTrees" instance=ExtResource("8_v7jj1")]
transform = Transform3D(-1.1325, 0, 0.529105, 0, 1.25, 0, -0.529105, 0, -1.1325, 30.4809, 5.78604, 170.118)

[node name="pine48" parent="Base/MiscTrees" instance=ExtResource("8_v7jj1")]
transform = Transform3D(0.0842351, 0, -1.24716, 0, 1.25, 0, 1.24716, 0, 0.0842351, 39.2738, 5.14075, 168.091)

[node name="pine49" parent="Base/MiscTrees" instance=ExtResource("8_v7jj1")]
transform = Transform3D(-0.813453, 0, 0.949106, 0, 1.25, 0, -0.949106, 0, -0.813453, 46.8121, 5.33846, 167.837)

[node name="pine215" parent="Base/MiscTrees" instance=ExtResource("8_v7jj1")]
transform = Transform3D(0.997701, 0, 0.57192, 0, 1.15, 0, -0.57192, 0, 0.997701, 52.4308, 3.52005, 165.693)

[node name="pine50" parent="Base/MiscTrees" instance=ExtResource("8_v7jj1")]
transform = Transform3D(0.323525, 0, 1.20741, 0, 1.25, 0, -1.20741, 0, 0.323525, 24.1568, 6.42375, 173.615)

[node name="pine51" parent="Base/MiscTrees" instance=ExtResource("8_v7jj1")]
transform = Transform3D(-0.549503, 0, 1.2331, 0, 1.35, 0, -1.2331, 0, -0.549503, 14.813, 6.47859, 174.231)

[node name="pine214" parent="Base/MiscTrees" instance=ExtResource("8_v7jj1")]
transform = Transform3D(-0.0291398, 0, 1.14963, 0, 1.15, 0, -1.14963, 0, -0.0291398, 23.3889, 3.52005, 167.06)

[node name="pine52" parent="Base/MiscTrees" instance=ExtResource("8_v7jj1")]
transform = Transform3D(-0.271806, 0, 1.22009, 0, 1.25, 0, -1.22009, 0, -0.271806, 5.79157, 6.28271, 174.308)

[node name="pine53" parent="Base/MiscTrees" instance=ExtResource("8_v7jj1")]
transform = Transform3D(0.323525, 0, 1.20741, 0, 1.25, 0, -1.20741, 0, 0.323525, -2.613, 6.28885, 177.404)

[node name="pine54" parent="Base/MiscTrees" instance=ExtResource("8_v7jj1")]
transform = Transform3D(1.34949, 0, 0.0371285, 0, 1.35, 0, -0.0371285, 0, 1.34949, -0.369919, 4.18355, 171.896)

[node name="pine55" parent="Base/MiscTrees" instance=ExtResource("8_v7jj1")]
transform = Transform3D(-1.09801, 0, 0.59739, 0, 1.25, 0, -0.59739, 0, -1.09801, 8.71872, 4.2935, 169.13)

[node name="pine56" parent="Base/MiscTrees" instance=ExtResource("8_v7jj1")]
transform = Transform3D(0.503155, 0, -1.14427, 0, 1.25, 0, 1.14427, 0, 0.503155, 16.9223, 4.5393, 167.174)

[node name="pine57" parent="Base/MiscTrees" instance=ExtResource("8_v7jj1")]
transform = Transform3D(0.726875, 0, 1.01694, 0, 1.25, 0, -1.01694, 0, 0.726875, -7.95216, 5.51006, 172.973)

[node name="pine213" parent="Base/MiscTrees" instance=ExtResource("8_v7jj1")]
